 176  841  157  612  765  299  426 1336  622 1492  581 1431 1143 1078 1558  866  522  825  280 1377  768  593  266 1568  976 1490 1133  767  444 1558 1193  842  633 1073 1012  718  333 1157 1196  215 1557  583 1237  857 1486  690   63  949  920  226  265 1306 1214  265 1461  788 1549  279  135 1544 1388  955 1039 1376  702  281 1455  807 1401  611  891  296  223  790 1059 1008 1132    5  883  636  931 1262  399  550  936 1117 1281 1401 1242 1482  669  205  924   35  373  622 1034 1550  857 1078
 665  573  741  223  592  863  335  396  216  198  689   41 1244  698   16  501 1385  640  615  277  143  699  308  512  158 1018  431  357  270 1139  505  831 1173  443  924 1258  254  889  495 1218  592 1567 1150  272  865 1170 1396 1337  333  895  519  123  767 1176  921   97 1105  438  801 1497 1555  346  300 1058 1164 1103 1489  348  474  729 1260  853 1036  711  162  991 1113 1009 1437  575 1389  759  357  965 1272  856 1090  292  681 1094  549  973  442  773  321 1463  760    7 1375  349
 358  171 1288  321  596  788  283    7  506  104  762  509  898  557  128 1266 1205  519 1230  762 1017  779  525  831 1379  636  839  135 1304  538 1176 1353 1119 1207  942  985 1046 1229  310  423 1252 1180  119 1270  650  592  187 1300 1183 1084  992 1439  307 1332  146  581 1291  433 1056  330  227 1194  223  174  655  272  332 1260 1189  916   17 1028  252  426 1250 1057  486 1347  434  241  556  505  849 1255  647  805  944 1538  461  614  439    5 1184   16  391 1196 1127  249  993  854
 115  587 1005  918 1292 1233  634 1202  464  845 1261  476 1384 1115 1187  582  405   53 1507  982  391  513 1271 1440  266  713 1009 1454  554    4 1240 1180  915 1454 1491  355  272  490  323  661 1565  398  654 1301  208  233 1187  851  374  705  158 1145  715 1405  616 1471 1007 1152  743 1169 1157  739 1317  995  401  985  338 1508  879  757  228  555  156 1130  418  391  664  791  223  580 1332  772 1101  398 1342  743  471 1078  849  795  725 1458  301  615  588  497  905  854  624  887
 216 1175 1563  504 1136  665 1255  207  289  482 1389  828 1556  284 1255   36 1420  620  386  140 1366  764  285  418  975  773  559  110  222  230  490  230  645  120  657 1387 1444  510  584  920  498 1453  943 1045  993  586 1229 1034  708  831 1106 1099  885  402 1491  302 1025  583  549 1539  787  542  894  769   37  983 1184 1200 1024  138 1136   28  472  846 1373 1028 1373  627 1468 1100 1458  206  903 1467 1216  874  314  459 1390  358  495 1107  708 1249  722 1477  846 1232 1184  821
1072 1237 1461 1563 1546  938  746  240  121  410 1549  940  229 1287 1175  754 1568  439  317 1537  604 1338  284 1356 1511 1369 1288  356  103 1259 1214  584  412 1358  943 1412 1460  424 1549 1373  212  897  679  818  704 1160  319   91  547  952  135 1503  679 1494  511  158  804 1134 1173  549  818 1077  328   89   15  477 1182  884 1056  483  849  541 1185 1309  688  472  146  569 1525 1099  440  756  593 1197 1381  870  215  407 1293  659 1316   90  603   50  447 1427  758 1215   14  523
1436  746  537  674 1336  481 1068  259  162  316   72  587  556  616   53 1169 1430  156  759  698  746   98  113   69  707  865   50  817   40 1112  598 1209  794 1285 1259  961  660 1410  282  368  469  242  390 1420  276 1441  296 1458  958  901  138  515  879 1514 1247 1116  897 1406  949 1204  396 1071  650 1316  212 1528  506 1314 1366 1371  742 1221  181 1555  193  865  237 1412  361  151 1227  323 1312  926  620  641  613 1027  869 1205  965 1122   64 1442  381  414 1321  227  333 1134
1201 1054 1445 1185 1137   17  446  959  868  705  720 1246  942 1465    4  993  963  308  540  921   82  166  444 1063  283  756  331  232 1103 1517 1044  918   31 1544  757  733   41  444  377 1422    7  975 1084  446   97 1546    1  618 1242  228  934  798  905  259 1452  308  645 1438  733  883 1490  290 1420  129  435  300  847  261  805  329  286  860  424  364 1486  933   22  583   83  696 1348 1094 1182  690  789 1562  693  963 1258  375  569  952  648  584  598  885  100  290  341  980
1033  623 1373  405  489  138 1454 1095 1135   25  248 1245  905  345  223  427 1545  769  498 1015 1482 1276 1082 1118 1238 1409 1492   40 1213  935 1047  892   82  358 1321  825  627   47    3 1555 1393  347  573  152  414  358   88  537  422  623 1291  700 1052  299 1305  668 1110  799  313  384  884 1507 1170  909 1069 1341  202 1490  243  680  461  263 1377 1567   23 1208  766  272  716  311  838 1174   38  366  138 1247  265 1167  749  266 1057  772 1539 1256  964 1184 1143  435  251  788
1432  492 1514 1328  364  907 1185  488 1466 1106  216 1389   41  455  767  471  102  300 1423  124  506 1268 1187   89  679 1312   29 1075  650  514  453 1186  734  961 1146 1129 1206 1089 1137  203 1427  563  905  178  585  603  473   94  596  549 1271  140   91  907 1501  410  848  564 1291  224   42  427 1518  735  525  799  649 1506 1237  577  654  253  946  819  776  221  359 1413 1538 1164  621  104  450  689  371  725 1074  257   10  491 1497 1133  558  706 1287 1112   30 1048  446   35
1559  185 1210  741 1115   89 1185  882    9 1530  962  425 1148 1544  393 1458  552 1078  338  515  165   53 1246   38 1448   38 1026 1100 1002 1111 1523  681 1075  980  898   55  581 1469  676  907 1039  553   37  641 1007  523  536 1535   39 1358  959  711  196 1546 1440 1017  808  536  372  990  639 1314  356 1373  279  401  688 1433  190 1449 1066  843  902  700  730  756  242  638  814 1233  949 1258  260  547   18  913  561   38  374 1240 1064 1172  643  811  639  846 1089  729 1140  606
1325 1127 1348 1227  642 1333  628  202  529  304  116 1089  260 1497 1096 1159  683  538  815  562  751 1504 1468  477  907 1428  845  190  470  937 1011 1521  873  962  991 1491  223 1095 1247  620 1525 1193 1455  388  755  375  257 1554  512 1534 1552 1011  297 1505  541 1355 1383 1223   30 1544  626 1066 1461 1397 1036  709  415 1197 1472 1077   37 1328  822  439  508  740 1154  990   63 1018   83  805  204 1551  664   15  316  972 1408 1304  387  144  620  988 1529  455  842  613  517 1111
1273 1300 1283 1134 1192  484 1322 1099 1196  984    2  117 1232 1547  249  496   15 1330 1145  371   32  672  675  977  643 1556  756  578  987 1412  245  849  353 1055 1531 1281  621 1491   33  712  304  247   43  505 1305  428 1450 1494 1285 1012 1167  982  124  366  339 1363 1152  942  877 1204  385  347 1444 1547 1300  424  525   51  462 1170 1065 1105  381  886  535  672  168   95   81   17  791 1417  472  772  412  476  181   47  757  306  982  720 1389 1229 1019  734 1407 1095 1512 1037
1233  224  912  817  293 1157  459 1525  560   79  154 1403 1037  329 1436 1190  828  617  516  511  980 1275 1390 1562  885  676  537 1526 1520  257  351 1187 1384  666  425 1009  751  560  259 1153  112 1004 1442  449  938 1538  274  546  619  812  922  383  559 1197 1274 1044 1174  524 1544   38 1459  218  659 1498  634 1193  264  577 1491  353 1351  891  529 1172 1267  656 1506 1112   97 1118  246 1185  716  487  251  188  642 1277  292  217 1219  701   53 1275 1131 1440  510  831  680   66
1024  782 1119   34  824  231  440 1400  469 1508  594 1559  977   95  648 1552 1134  945  237  470  208 1536 1024  500  553  975  226 1501 1277 1297  291  267 1219  971  157  802  443 1253  554  272 1448    9  479 1563   14 1268  485  948 1171  134 1510 1197  147  243 1272  972  188  612 1299 1142  307  900 1115 1506  387  753  475  518  423 1062 1517 1034 1053  667  121  330  740 1290  132  345   18 1435 1246 1502  290   12 1005  374  913 1469  991 1051  225  970  376  954 1511 1163  374  986
 565  125  126  395  380  299  423  598 1245 1223  523  742  994  745  505   60 1057  296  951 1171 1391  149 1511  699  818 1363  462 1084 1550  544  769 1391   26 1075 1152  365  122 1257  353 1180 1001 1091 1404  388  111  666  404  277 1073  677  979  808  932  432 1475   46 1021  392 1202 1129 1094  571 1192 1387  259  802 1195 1236 1348 1513 1047  253 1166   74  665 1007  513 1149  246  197 1081  540  740 1559 1441  716 1507 1175 1350  486  254 1022  410   78  747 1267  596  305 1002 1540
 568  512  982  585  696 1293  847  119  819  924  594  197 1545 1290  152 1555 1250  948  294  125 1018 1136  925  517  804  319 1010  689 1444 1071 1391 1362  700  107  940  998 1205   29  887  143  141 1130 1036   68 1067 1247 1566  581 1434 1087  308  371  231  248  846  821  635 1509  686  625 1525 1562 1368  149  730 1483  879  380  686  165  513 1247 1343 1465  304 1480  648  924  535  247  377 1389  753 1045 1551 1334 1481    2  451  533 1503  525 1474  437   92  417 1090  631 1546 1488
 561 1068 1016  566 1261  551  845  523  868  421  539 1478 1021  258 1144  666 1440  300 1071  984  540  721 1068  747 1137  635  763 1238 1209 1424  738  615  217  220   84  793  700  543  730 1456  920  680  366 1132  798 1563  189 1152 1330  892  909 1476   55  292  132 1041 1131  644 1331  826  885 1275  378  416 1563 1132   90 1006  750  933  427  782 1296 1162  244 1027  433  282  861  243 1560   39  259 1270 1265  275 1249  660 1273 1310 1163 1169  103  729 1551   72  132  330  733 1059
 398  633 1263 1435  588 1049  812  602 1562 1286 1533  357 1203  739  607 1123  916 1018 1029  880  844  885 1095  506  657   44  360  274 1194 1431 1118  953 1020 1559 1435  457 1215  246  926   88 1543  291  773  726 1470  469   54 1552  190  380  957  703 1033  746  789 1261   37  637  688  743  361  120  970   27  767  203 1066 1468  326  677  196  723 1485  814  423   67 1143 1494  859  514  341  430 1569  498 1208 1273 1198  944  715  880  946 1326  844 1137  708 1560  300 1124  569 1482
 434 1204  920  733  941  640 1235  360 1195  604 1137  974 1017 1073   97  973 1290 1445  682  838  836  654  595  777   82 1147  630 1195  806 1347  544  169 1125 1177  961 1224  156  170  486  449  404   42  692  310  591  882 1350  981  942  490  911  838  570  935  586  994  570 1038  328 1311 1369  604 1158  625  656  491  181 1295 1023  857  443 1560 1332 1022  969  631  182  338   69 1479  816  939  727 1330  120  861  681  109   21  157 1310  399  958  581  292  522 1115 1276 1390  965
 219  291  892  444  107  638  129  619 1118 1292   95  160  853 1203  441   96  674 1310  244  380  107   96  438  878 1003  195  953 1428  470   65 1105 1460  890   81  547   87  439  698  752 1274 1302  388  456  445 1435  744  116   26  380 1342  266 1405  908 1173  640 1423  903  939  602  115  537 1035 1476 1185 1180  592 1547  812 1256 1034  429 1133  297 1047 1084  330  605   22  362 1083  356 1296  301 1521 1351  135 1207  669  838  100  158  382  893  131  881 1154  980   14   82  545
 737  657 1306 1474 1173 1034    7  797 1070 1090  337 1429 1307 1061  646 1543  579  370   88 1025  799 1335  108  113  717  549  971 1534 1480  140  295  112  670 1503   31   14  657 1101 1389  723  319 1481  829  650 1504  739 1482 1189  796  792  608 1184  924 1079 1429  556 1265  752 1428  317  106   43  111  263  683  180  875   11 1332 1518  946  306  365  496  649  737  460 1494  821 1320  488 1047  153  154  341 1357 1210 1378  162  546 1283  109  880 1134 1502  280  993  346 1136  413
 262 1391  496 1141  173 1278 1024  146  876  491  556  229  165 1484 1500  503    9 1475 1200  107  750 1124  587 1021  567 1513    9 1489  947   83  787   98  187 1279  830  754  574  916 1361  145  460  844 1519  214 1447  276  477  929  561  245 1189  576  221  546  484 1169 1027  900  538  596  834 1024  888  588  545 1531  592 1385  655  297 1145    9  952 1077  218  258  890  524  229 1162 1325 1124  614  630  930  130  131 1111  848 1478 1171  561  328   70 1149 1029  268  794  141  782
1562 1407  236 1354 1081 1488 1156  955  898 1073 1093  688 1026 1506  138  598  675  668  392  981  461  953 1438  306  913   88 1447  918 1255   42 1282 1361  696  500 1187  256  192 1293  154   41 1436  241  887   34  276 1004  611   85 1082  237  863  224  421 1219 1435   36  907 1331  893 1335  679  683 1137  918 1337  281 1521 1207  300  167  774  927 1260  824  781 1010  959 1520  290 1255 1161  150 1441 1213  563  467  420  927    3  863  740 1005 1187 1358   10  535    8 1416  432 1419
1451  193   66  790   14  826  251  399 1372  729 1136  566  617  628  735  664 1520  927  848  693  401 1273  717  457 1034   69 1370  618  398  549  611  187   21  841  282 1497  117    0 1105 1125  441 1337  871  447  335  540 1112 1545  229  594 1554  819  538  625  677  775  359 1435 1148 1224  264 1259  997  278 1157 1079 1190  387 1495  921   95  636  332 1399  189  782  881  123 1481  958 1028  285  179  852  809  515   74 1335 1220  485  262  918 1341  581 1194  864  404  184  594  593
1482  104  868  351  414  680 1520  358  640  647  291 1269  351  699  332  908  470 1409  752 1258 1075 1257 1001  874  593 1269 1364  440  835  938  777 1003  287 1423  965 1507  871  369  528 1336  778  797 1342  538  965 1520 1116 1402  933 1261 1272 1006  642 1305  201  325 1401  662 1152 1197 1224 1392  211 1525  529 1337  160  458   84  384 1441  142  783 1467  990  686 1077  698  355 1199  196 1431   19  824   91  631   74   91  951   10  119 1192 1004  934  913 1536  628 1444  209  365
 634  247  765 1202 1442  430  556  986 1475 1210  697  732  169  514  157   43  485  495   41 1112 1273  272 1470 1517  843  168  877  953 1099  943 1402  342 1042  283  882  195  916  935  998 1037  206  631 1146  939 1399  423 1189 1018  468  594  663  817  723  857 1239 1487  421  161  978  756  293 1555  312 1263  230 1541  418  466  781 1347  549  357 1302 1304 1033  975  735   16 1227 1561   12  218 1013 1013  289  140 1108  572 1145  812  150 1377 1138  840 1440 1383  957  134  322  127
 194  249  811  163  219 1459  368  863 1547 1153  441  913  660   52 1063 1267  513  460  142 1487 1149  263  997 1232 1048  842  565 1112  914  169   89  820   39  160  219   20 1291  421  797  857 1484  596   51 1471  127  435 1315  602   77 1091  614  695 1192  744  629  634  703   79  901 1526   92  188  166  548 1324 1276  630  902 1541 1537  369  908 1531   41 1233 1105   16  573  107  798  946  272  623  235  366 1545 1510  495  614  878  377 1420 1419  501 1198 1410  591  790  802  860
1112 1235  181 1412   92  770  658 1376  329  626  771  616 1059 1452  833 1488 1488 1420  377  219  732  193  825  610  769  643 1364  859 1045  146  978 1355  175  812 1017  480  630 1191 1442   82 1402   75  156  161 1481  928  699  511 1485  287  254  416   86 1291 1079  992   61 1567  685 1511 1363  230 1429  404 1067  368  906 1177  623  575 1545  350 1112  387  417 1005 1528 1333 1431  579  856  792   73  178 1145  216  890 1017 1214  306  859   69  627 1514 1467 1082  744   38  710  598
 371 1335  521 1001 1167 1183 1232  395 1003 1245   63 1165  846 1535  781  918  260  668  914   71  880 1159 1080  750  414  786  877 1498 1092  917 1050  920  691  527   61 1254  325  466  634 1349  668 1495  999 1562  208 1265   41  486  404 1147  395  555  653 1253  478 1228  237  348  125 1531  198  374 1314  647   37  765  561  550  902  543 1028 1351 1548  643  643 1429  563  404  569  971  207 1162  152 1053  838  480 1541 1374   64  331  274 1144  401 1402  537 1260  210  601  863 1382
 965  980  206 1529  978  965 1104  299  781  179 1102  800  415  534  509  387  208  184  982  362  110 1308 1242 1353  380  662 1569  857   49  459  679   14 1540  663 1227 1283 1083  911  950   74  484 1542  206 1448  395  616  868 1429  972  617  110  665 1532 1535 1389  969 1409  298  264  704  179  774   95 1121 1442   92  142  424  194  905 1369  844  176  440  836  148   49 1421 1224  183  243 1552  489  207  853  733 1351  108  677 1174 1179  120  640  932 1112  744 1061  159  781 1286
1038 1545  980 1279  863  797  116  825  649 1442  679  326 1302 1504 1269 1393 1566 1232 1280  106  402 1175 1128  372 1130  504  866  978  136  339 1472  796  585  602   86  285  145   29 1032 1469 1340  445  780  545  608  711  437 1474  613  669 1178 1562 1005 1146 1346 1244  339   75  800  416  674  740 1056  409  606   94 1009  982 1084  339 1145  896  650 1319  464  264 1308  137  731  671 1507  390 1356 1271 1450 1045  541  251  617  401 1202  918   64  182 1192  253  608  944 1051  408
 870 1168  535 1320   37 1373   50 1081  449  517  613 1176   42 1165  381  728  699 1380  371 1130  382  677  353   58 1561  864  524  911 1213 1101  958  633 1144  726  682 1025  199  228 1488  181  771  419  661 1416  728 1393 1128  635  586  508  915 1487  751 1491  565  677  472  134  965  831  515 1281  991  669   90 1269  380 1506 1436  677  875  160 1453 1074  938  681  626  280 1525 1035 1412  532  457  505  918  619  724 1173  129  734 1507  158 1177 1292  114  858  890   80  742  662
1561  572  339  668  180   14 1043   43 1309  570  259   64   13 1327  625  499 1419 1140 1283 1239   42  492  224  205 1046  697  343 1474  940 1548 1184 1335  113 1363 1334  947   48  178 1021 1308  362  134  926  377 1438 1403  741  132  739 1195  502 1453  404 1015  546 1481 1109  635 1367  234  576  612  597  602 1236 1457  269  905 1275  313  450  379  205 1371  105  347  148  426 1283  120 1428  602  375 1514 1306 1294  885 1101 1286  560  763 1445  469  240  132  541 1026  362 1251 1141
 259  923  736 1083  163  804  578 1345  480  602  643   86 1324  177  884 1021  151  976 1520  778  562  993  359  696  913  767 1037 1140  495  291   93  343   60 1550 1057  991  740  504  954 1027  298 1112  833  179  585   52 1061 1165  342  651  727  381 1071  354  222  178   71 1455  684  145  257  123  999 1426 1051  855  155  500  964  711  915  217 1434  986 1193  620  878   13  101 1392  564  832   19 1461 1250 1048  147  927  347  931 1565 1406  101  466  725 1207  603 1161 1213  190
 168  154  335 1321 1101 1064 1311  613  264  127  586  260  412  363 1321 1243  137  403  690  392   83  377  340  433  951  343  601 1367  240  250  117  805  869  256  946 1448 1231  694  499 1297  288 1097 1320 1252 1339 1207  769  101  731  717 1087 1070   60 1383  570  940 1543 1495  831 1309  191 1527 1435 1292 1411 1323 1196  198 1505 1547 1261 1133  774  825  344  417 1413 1153  637  766  302  439  532  225 1164  109  720  177  867  136  392  623 1303  230  868  751  237  918  509  543
 736  502  739   73  474  942  881  511  898  611  791  645  966  644 1288  284 1215  576 1034  337  146  847  284  180  272  461 1011 1204  828   12  580  308 1266  900  536  714  765 1281 1019 1183 1431   10  435 1009  689  400  426 1513  322  678  935  346  936 1405  718 1265 1129  364  496 1495  747  268   47  563  866  815 1148  416 1093  708 1070 1254  579  946 1372  863 1456    1  895  790  169 1153  172   39  206 1060 1136 1002  467  759  944  798  898  509  192 1436 1081 1360  706  678
1364 1416 1421  860  496 1415 1359 1115  486 1019 1531    2 1254 1000 1078 1412  806  902  546 1143  518 1535 1302  962 1503 1277 1209   65  698  719  148  426 1094  365 1558    2  675  517  875  114   49 1147 1269  666   47  713  731 1002 1130   32  677  668  888  610  135  172  470  306  470  529   29 1099 1106  948 1315  320  224  513 1457 1032 1554  735  516  745  835  943  265  327  501  664  167 1445 1273 1504  605 1387  282  575 1252  409  984  942  219 1177 1346  217  386  274  218  940
  54  578  134  793   19  615  634  849 1471  783 1458 1353  711 1564  979  558  170  528  641   43  792   70 1425   95 1552  661  586  211 1215 1024 1333 1483    2  864  515  446 1459 1487  836 1273  349  301  421 1040  626 1132  215  885 1108 1194  623  323 1445  740  542  227 1060  111 1183 1134  767  776  278  454  375  500  106  747  592  272 1536 1297  969  326  262  371 1266  634  956 1264  485  806   31  675 1323  848  511  180  979 1480  439  745  628  695  994  501    9 1554  315 1528
 166  674 1507 1413  809  215 1258 1551  946 1307  842  104 1362 1397 1051  163 1510  536  298  632  335 1441 1124  582 1131  825  687  467  874 1209  530  662  169 1338 1336 1226  835 1066  799 1384  431  231 1438  435  870  562  159 1060   64  846   79  362  501 1244  395 1444 1404  656 1339 1545  681  397  216  907 1200  873 1362  164  622  284  599  438 1181  277  687  556  541  865 1441   41  426  461 1568 1044 1048  340  262  869  402  639  479  328  745  766  349  100 1544  866  693 1186
1124 1196   48  521  894 1077  782 1173 1344  467  920 1271  223 1077  533 1356  711  876    2  241  274 1197  945  811   92  974 1225  735  913  407  177 1443  709  854   16 1014 1165  284  559 1293 1129 1070   71 1503  458  330  187 1114 1427 1089  626  436 1056 1125 1250  538 1439  458 1168  452 1542  356  494 1282  643 1459 1479   59 1460  717  464  161    2  571  347 1506  752 1354  343 1014 1394 1158  225  688   39  151 1323  396  541 1195 1425  301 1318  618  365  410  354  115  237  348
1497  858 1191  102 1224  236  458 1005  190 1561  720  116  908 1218  875 1406 1277 1124  117  170  572 1448  152  849  264 1048 1362  116  859   80  457 1133  359   51  169 1415  102  556 1018 1039  180  666 1203  719 1476  239  335 1160  159  536 1548  844  939   80  725 1488  960  960  498  952  561 1189   30 1528 1448 1522 1035  624  807 1308  669  438 1071 1417  158 1423  392 1506  241 1484  826 1113  213  623  556 1003  169 1090 1237 1450 1060 1233 1554 1024   57  187 1176   81  635 1171
 500  227 1196  609  179 1335   84 1040  810  317  382  586  112 1360 1262 1280 1455  884  398   76 1355  776  924  156 1146  985 1083  203  463  461 1182 1382 1208 1519 1566  874  535  675  389  428 1041  483 1449  827  872 1005  681 1064  623 1175  989  165  790 1032   52 1076 1200  615  490 1219  697  738  486 1345  368  389  356 1183 1463  900 1355 1254   40 1051  896  634 1256  304  817 1136 1515 1180 1198 1105  659 1170 1335  747  201 1275  382  990   55 1499 1398 1165  638 1375 1191  683
1248   45  216  696  705   15  848 1165  601 1254  524  556  201  555 1045  726 1396  579  175  727  991  885  724 1251  986  139 1547 1308 1294  239 1117  106 1398    8   66  479  696 1438  382 1190  635 1037  746 1340  102  759  437  833   79  532  143 1141 1148  925  391  238  348  975 1246  523  570 1015  527    9  201  238 1169 1042  106  806   77  399 1043 1414 1053  521 1066 1428  803 1042 1170  793 1047 1536 1241 1427 1361 1557 1017 1332  356  476  903  113 1000  436 1266  885 1470  126
  61  601 1304   11 1477  942 1435  759  722 1321  108  504  935  851  843 1011 1111  957  587  441  194  950  244  411 1321  463 1028 1048 1404  808  694 1187 1401  358 1090  718 1250  903 1051  769  364 1472  589 1501 1339 1356  621 1427  116  336  595 1277  278 1343  602 1007  706  967  998  558  139 1207 1134   56 1367 1151   71  437 1567  882 1348 1068  197 1102  678 1008  356 1390 1077 1013  276 1451  365 1110  911 1437  437  890  131  807  321   13 1413 1401   87 1098  684  377 1489   18
 366  886   78  912 1216  765  800   70  120  578 1232  964  354 1450  571 1383  771  730   31 1366  667  715 1313 1360  402  947  637  689  127  276 1245 1513  848  130 1525 1271  580  765 1178 1056  466  917 1384 1078 1408  593 1048  163 1413  770  658 1503  531  100 1027   50   77  321  296 1139  220  828   40 1379  127  999  981  633 1402  376  124 1355 1036 1409  791 1463 1209  520 1541  662  248  866 1336  759 1367 1349 1395  361  435  221  987   60 1515  639  769  884  648  190  838 1007
 559  318 1024  886   31 1126 1179  440  530  379  328  791  251  143  900 1324  354  965  161 1479 1243  112  619 1326  548  965  391  160  108  992  688  293 1070 1189  299  745  605   79  693 1512 1311  288  133  898  518    9 1115 1171  328  539   30  613   45 1260 1566 1386 1234 1329  375 1122  601 1453 1556  980  406 1183   74  412 1393 1546  767 1519 1050  618   51 1176 1347  614 1386  601  679   58  315 1015  979  274  479  651  986  247 1406  886   35  830  244  739 1329 1446 1513 1364
1567 1088 1475   24  443  341 1550  847 1149 1348   33 1433    5  331   75  307  891  603  382 1160  517  591   73 1193  295   41   30 1132  893  194  206  115  957  981  967 1175 1549  415 1108  667   82  406  847 1565  939  483   41  562  480  890  395  420 1426  804  222 1540  282  980   85   27 1213  469  969 1294  582  324  603 1117  911 1242  914  985  755  387  348  422  945 1131  914 1533 1503  734 1355  762 1464  799  591  295 1178 1337 1537 1188 1137  881  772 1521  494  293  997  374
 332 1236  223 1368 1299   92  712  689 1262 1454  280 1326 1022 1119  213  209  835 1122  303 1502 1231  143  841  279  200  167 1162  710  693  574  846  216  472  799  765  207  578  655 1361  103  421  599 1158  119 1074  985  366  514   33  741  669  404  118  127 1181  359  832  649   12  614 1273  490 1136  556 1250 1405  562  115   43 1268  940  130 1506   51 1555  907 1165 1376 1222  552  282  749 1319  344  501 1333 1079  623  426 1188  654  416  871 1519 1452  165 1034  818  125  296
  80  709  353  845  667  824  741  331  152  238  738  925 1186 1029  231  771  347  202  495  880  939  218  648  980  483  132  705 1541  415  396  188 1196 1064 1538  934  210 1539  626 1429  241 1010 1339 1472  152 1547  616  831  650 1516  274 1397  765 1063    8  961  131 1243  584 1297  841 1252  320 1049  270 1151  661  594   43  705 1091  264   19 1014 1008  871 1532  919  267  978  574 1315 1318  103  751  155  862  962   56  287 1111  773  462 1534 1292   16 1098  101  906  436 1541
 928   24  948 1031  404 1541  693   17  960  404  840   39  153  943 1341  485  117  763 1108  870  564 1234 1475  719  145  631 1458 1203 1247  771 1310  838  627  897  139  532  499   42  984  868 1019 1044  933 1312 1153  632  176  217 1496  292 1381  939  799  806 1429  837 1377 1245 1130  660  151  554  390  127  380  390  189  596 1160 1533  580  963  705  513 1151  245  332 1105  285 1390 1082 1461 1047 1369 1047    3  766  951  924  668  501  879  561   97  700  783  621 1015  501  710
1008  309  964  539   35  176   23 1010 1448 1238  952 1051 1353  799  682 1485  495  469  849  872 1423  938  487  556  432  489    6  805 1170 1133  443   40 1050  862  885  264 1333 1129  591  523  550  377 1233  548 1195  557 1252  151 1455 1411  113   23  457  620 1446 1143  430  150  464  986  542   66  643  357   59  715 1285  251  556  465 1066  184  859  607  671  244  350   42  615  951 1294  165 1315  150  612 1350 1384  126 1479  725  368  388 1043  853 1072  682 1250  824 1277  739
 382 1132  172  925 1529   31  460  648  305  561 1517 1333  785 1124  594 1553 1160  845  631 1385 1008 1035  429 1429   86 1442  838 1119  964   48 1246   32 1476 1298  127  370 1322 1093  714 1484  617  195  456  143  428 1355  567   57 1536 1191 1430 1227  338  843 1062 1318   40  208 1205 1077 1467  394 1042 1282 1321 1331   29  589  210  856 1278  169  238 1312 1145  262   70  353  678  444  892  481 1349  820  151 1130 1454 1026 1333 1471  725 1345 1222  624  529 1274 1040  336  607 1506
1368  681  424  882 1046  247  422  324 1185 1518 1492 1320  551 1333  576  918  919 1116  540  671  894  974  576 1072  305 1363  899 1544  638  679 1231  810 1405  621  427 1566  410 1414 1411  950   70 1336  448  937  828  378 1047  363  911  901  165 1283  145 1312 1443 1170 1566  619   56 1055  909 1481 1081  352  307 1289 1393  399  625  448  690 1001  539  909  954  875 1285  479  420 1202 1569 1326 1185  381  521 1152  554  592  956 1371  834  337 1352  937  723 1204  473  462  121 1267
1278  888  262  787 1262 1205 1385 1045  826  803  528  741  110  376 1525 1129 1373 1187  655 1146    9 1320  115  638  365 1127  912 1185  138  969  636  363 1471  262  828  526  201  774  105 1416 1531  533   68  406  714  759 1424 1310  927 1518 1140   93  658  662 1400  928  655 1096 1232   85  832   99  633 1274 1333 1392  409 1010 1494  771 1128  825 1336 1357 1208  328  355 1306 1216 1304  146 1292  575 1078   98 1317  617  339  137  535  563 1454 1469 1392 1452  621 1539 1140  207  246
1165  506  747 1023  399  112 1397  714 1155  163  715  558  817  265  739  416  779  151 1458 1550  862   50  776 1156 1297  331 1111  206  813 1414  305 1281  946  114  739  308 1417  763  466  442  650  189   53  830 1553  247 1503  122  792  387  718  734  629  412 1471 1143  273 1286 1333  905  189  574  826 1376  187  722 1099 1161 1479   53  257  255 1468  302  446  883 1461 1202  543  696 1567  667  975 1099  640 1099  177  149  785 1150 1127  500  842  809  584 1475  470   67  104  694
 246 1115  393 1278  981  254 1359  707  413   78  533  508  547 1152 1373  524  366 1202  596  417 1386  667 1255  949  717  749 1404   25 1530  960  839  639 1430 1450  761 1265  190  738  840 1445 1319 1296  287  133  938   95   20  274  847  411  331 1202  556 1129 1088 1156 1109   19 1460  718 1438 1326  554  749  897  691  367  141  975  916  831  395  543  564  226 1564  226  773 1506 1218  978 1473 1506  590 1300 1505  750   43  672   58 1409   14  663  824  522  309 1136  856 1453  940
 912  415  405  241  491  808 1560 1394  865 1006   69  182 1319  578  549  802  371  841  384  399 1411  397 1406  655 1477   71  389 1107 1173   11  164  941  646  765  237 1509 1029  753  477  336  684 1266  105  785   41  935  754 1027 1171  130  151 1265  126  151  936  298  412  536  386  789 1068 1139  524  915  104 1200  203  907  623   22  865 1488  283  235  238  975  120 1315  970  408  196 1142   79  619  763  331  973  281 1473  485  225  986 1373  952 1454  347   10  922 1539  193
 857  978 1309  630  242  393 1095  619 1527 1473 1187 1078   58 1324  433  393  528  792 1530  849 1294 1075  678 1125   45 1311  770  269  456   96  155  468 1484 1341  752 1302  661 1012 1051 1522 1088 1286   15  885  127  309 1244  645   49 1103 1517 1330  838  989  953  102 1097 1477   43 1197  215 1260  883  162  469 1181  773   79  127  973  158  502  134 1175 1413  277  146  131 1552   88 1322  460  890 1147  205 1521 1143 1471  609  164  373  812 1422  275 1233  243  907  398  371 1443
  75 1194 1228 1513 1457  113 1503  695 1362  331  552 1183  131  317 1442  516  784  913  263   17  185 1110  523  383  428  530  962   18 1462  655  577 1338   33  721   87  488 1477  179 1136 1344  770  399  190  890  650 1426 1266 1026 1352 1539  268  280  853  189 1518 1015   61 1475  238  237  664  653 1061  831   90  198 1193  220  438  908  131  575  604  903  706 1382 1390  386  303  367  336  511  401  932  551 1532 1160  458  996  404  979 1084  136 1486  780  653 1343 1489 1329  232
 917 1031  607  626  261 1231  214 1288  419  264 1366 1172 1501 1251  904  118 1462 1019 1195 1537  728  545  614  659   90  973  680  670 1093 1283  919  602  783 1433  513  143  179  178 1468 1012 1062  476  634 1077  168  295  948 1327  637  255 1373  230  576 1404  745  409  651 1135  397  724  778 1422  884 1111  358  957 1214   16 1410 1192  674  632   92  416   56  345 1204  206 1391  105  730  990 1332  412 1058  620  810  949 1135  360  970  286  814 1381  366  326 1316  479  591 1017
 910 1030  679  795  519 1004  688 1018 1251  980 1506  918  792 1431  282 1091  260  656 1122  811  209 1470 1246  429  808  963 1001 1229 1364  939  844 1091  994  514 1479   81 1363 1093   44 1553  341  599  350 1467  170 1001  940  819 1007  440  813  517 1395  229 1407  418  950  213  196  502 1504 1507  936  735  627  873 1458   94   56   86  518  989 1047  475  832  140  261   33   70 1529  181 1153 1162 1337  378  296   30  919  868 1110 1152  124  254  423  312  105  812  840  471  726
 711  623 1403  654 1139  142  258   81 1232  613  111  750   83  833 1476  332  812  535  229  485   95 1292  662 1257  120  674  238 1522  366  529  256  584  186  260  763 1272   16 1362 1054  968 1298  464 1454  998  693  587  994  996 1494  698  673  656  602  692 1080  784  670  392 1453  776   76  877 1098  448 1436 1119 1260  787  738 1509 1241  591   16 1372  487  430 1013  736 1312 1269  444 1269  281  426  322 1451 1121   72  681 1153 1165 1058 1528  496    9 1051 1087  185 1143 1221
  72  218  777  831  662 1120   90 1435  244  407  150  283 1164  688 1290  201 1076 1184  266  900  629 1167  767  285 1148  688  250 1271 1442  940  703  743  448 1189  795 1310  768  335 1172 1167  781  594 1196  681  191 1251 1403 1224  160  660  604  962    1  333 1437  245  545 1527 1230  772  952  267  146 1475  827  777  454  357  306  766  164 1291  714 1063 1256 1561  198  844 1263 1344  425 1024 1082 1219 1389  622  741  854 1481  852  648  694  375 1519  115 1203  173   58  795 1328
  93   35 1151  632  672  748 1083  351  129  895  573  521   91  546  487 1312 1020 1322  819  250  316  483 1302  196 1453  934  785 1050 1421  608 1530 1482 1470 1149 1488  513  468  663  350  319  597 1349  414  335 1248 1319  339   31 1226 1226  321 1401  734  756   79 1390 1280 1233 1325 1418 1464   38 1495 1479 1075   53 1308  720  655  542  560 1115   17  191  180  319  216 1547  786  284  923 1095 1355  902  182  976  346  277  943 1511  897  866  558  586  336   29  572  104 1226   82
1074 1238 1193  538  263  581  808  372  458 1272 1242 1338 1441 1014 1071 1405  484  613 1230  862 1180  462  448  150  591  144  906 1408 1050   91 1163  187  617 1481 1029  315  319  961  118  390  631 1219  629 1484 1554  286  461  470   90  840 1394  150 1337  590   64 1568  285  996  862  648  104  214  208  590  758  909  215  180  460  817 1242 1093 1282 1135 1265 1314 1060  834  430  457  758   89  625 1131 1140  864  796 1234  940  305 1038 1258  468 1463  847 1443   16  679  395 1181
 685  402  625  629 1066 1365  899 1156  679   80 1066  266 1340  110  942  931  506  410  239 1078 1003  530  952 1318  659  520 1310  885  661  248 1555 1095  801   91  460 1007 1254 1113  921  441 1495 1225 1522  518 1200  417  245  370  540  546  133  840 1081 1397  537  834 1318 1518 1191 1030  120   31 1567 1282  336    4    4 1159  171 1349  348 1285   70 1505 1163  173  172  937  799  946  363 1432   60 1297  441  408 1377 1515  197 1270  960  452   74  991 1039 1091  526  998 1494  455
1324 1181  611  711 1539 1048  302  368  158   45  584 1049  700 1217  705  290  554  463  112 1036  147  532 1139  969  823  510  140 1164 1161  654  374  723  705  706 1151 1185  938 1447 1185  544  406 1034   57  145  180  991  331  814  462 1428  270  541 1348  363  720  210  208  863  508   60 1226  110 1104  999  965  398  476 1247 1145  782  921  662 1245  710   45  666  938 1169 1506    4 1179 1267 1254  726  205 1392  588  742  846  967  273  614 1256 1161  680  316   96 1199 1160 1535
 444  364  403 1347 1355 1391  348 1431 1157  122  461 1164  817  856  383  499 1547  969 1000 1041    5 1357  424  930  207  467   24  544 1227  955 1340  717 1479 1322 1206  894  608  398   61  371  122  225  273 1144  887  652 1554  985 1074  631 1022  152 1553  548  210 1272  770  573  614 1263  760  567  576  513  351 1223  793  460 1083 1552  444 1248 1091  919  892 1208 1160  517  146   33   29  823  386 1315  370  210 1060  704  395 1545  555 1121  367  643  611  231  347 1234  847 1291
1012  393 1551   42 1266  264  573 1078  389  808  820 1068  846  619  373  284 1080 1311  437  419  231  785 1370 1309  439 1306 1551 1280 1152  963  211 1079  110  803  363  532 1017 1188 1117 1489 1246  657 1040  120  680  463  446  961 1133 1113  944  511 1224  426  270  704 1420  761  622  229  618  375  829 1509 1360  500  898  893 1285  599 1001  270 1191 1417 1264  942  678  631 1430 1267 1325 1087 1323  856 1396 1501 1528 1519 1070 1206  863  526 1209 1142  598  838 1372 1385 1109 1386
 909  399 1270   85  207  688  338 1569  790   49 1091 1381  910  797  574  229  328 1545  589  356 1032  902 1344  647  925  109  821 1197 1182 1115  698  467  586 1130  776 1409 1204  744   89  521 1230 1486 1069 1436 1398 1304 1203  672  829 1104  430   66 1257 1503  394  517 1331  404  835  160  887 1090  449  826  207  879 1163 1087 1211 1200 1026  338  177  985  165  936  694 1204   37   50   41 1559  323 1542  712  215 1553 1140  438  524  614 1302  656  114 1037 1526  771 1314  161  797
 857 1334  136 1309   71  730 1411 1065 1041  837 1490  166  904 1564 1488  941 1129  175  245  538  950 1266  307  654  948 1396   96  132 1517  120  126  907  238  946  810 1232  707 1049  185  539  321  947  867  130    3  900 1048 1489 1211 1542  568  716  447 1080  711  495 1068 1378  538   83 1012  930  262  366   68  786  210  691 1457 1512  765  150  689  610  609  359  992 1067  547   39  480  323 1412 1177  167  965 1374 1237 1146  313 1533  341   28 1389 1228 1400 1431 1323  984  744
1337  384 1038  431 1191  359  245  732 1398  845  287 1292  431 1085 1305  479 1150 1158 1046  332  787  202 1517 1352  353  698  513   74  662  827  260  344  971 1445  737  921 1316  635  174  564 1102  320  470  535  209 1310  993  897  113  545  674  782  547  932  802   71   98 1513    8   62  137 1279  574 1286 1337 1569  985  334 1452  358  333 1436 1046  463  869 1558   83  128  487 1379  613  937 1050 1207 1566 1455  734  408  545  658 1337 1253  273   56  416 1277 1243 1454  836  184
 875  814  402 1452 1290   28   62 1466  280 1262 1537  409  232 1279  716  423  608 1202 1481  838 1193 1360  532 1429  648 1264 1069  130  642  160   49  386  419 1219 1231  809  343  965 1142  269 1520  735  192 1434  310 1457 1208  917  766  259  911  115 1235  384  109  936 1304  789 1391  605  807 1130  920  876  659 1122   56 1340  710  327 1098 1535  288 1095  704  171  651 1392  149 1375  966 1319   91 1331  754  521 1324   61  481  521  482 1144  669 1426  902 1333 1414  744 1268  624
1297 1479 1547  652 1534  232  436  995 1323  418 1492  289 1109  485  229  753   19 1274  221 1221  373  973 1140  889  698 1294 1340  497  238 1336 1185  483  130  847 1373  307  624  169 1276  572 1480 1502  490   68  395  460  784    8 1402 1460  424  928 1474  285  887  492  536  855 1303 1539  979 1402 1050 1476 1193  537  786 1367  614  669 1205  506  464 1325 1352  140 1189 1539  542  735  171 1033 1170 1078  291  265  168  891  841  526  757 1272  369  425 1013  565 1472  975  542  537
 315  886   54  286 1495  872 1338 1349   12   28  942 1520  645  845  618  397  698  369  166  318  295 1273  494  759    6  864  350 1066  437  878  897 1463 1499  273  155  712   15  286  292  282  700  972  404   88  967  903   40 1509 1266 1101  839 1273 1065  585  812  967 1368 1161  217  714  298  728  934 1532   72  720 1143 1230  997  390 1456  705 1102  292  422  126  658   79  648 1448  868  934  995 1132   59 1568  453  294  817 1327  110   37 1065 1447  494 1293 1284  795  449  304
1198  210   32  671  340  430  762 1096  281  168 1063  313  781  309  150 1461   74   69  380  272  717  172  481  765  664 1057  765  100  325 1502 1186  738 1084  630 1177  789   26  816  439  173 1407  616 1040 1462  358  430 1298  805  130  687  432  206  553  628 1193  221 1143 1086   69  204  755  839 1035 1185   54  411  784  847  710  396  726 1448 1026  744 1004  610  693  718 1383 1016 1229 1348  297  453 1197   25 1299  353 1336 1221  468 1154 1444 1133  609  189 1276  235  339  473
1246 1097 1252 1179 1306  825 1546  785 1172  638  214  275  325 1529  215  467   80  598 1556 1161  543 1515 1209  894  115 1013 1241 1321  605  302  106 1294  469 1347 1149 1288 1058  484  457  929 1323 1491  367 1395  628  636 1382  360  768 1291  249  839  799 1168  646  197  283 1174  560 1476  588 1528  110 1168 1006  669  512 1263  797  452  415  740  459 1216  175 1117  909  574  466  309 1268  867 1523 1539 1013  141 1484   16  179  463  458  890  183  411  924 1490  413  577  927 1123
1235 1563  406 1556  945  448  459  614  733 1203  246 1184 1449 1202  307 1489  468  108 1398  853  468  629 1237 1338 1559  362 1129  427 1401  378   30  403 1268 1211 1023  347 1397 1089  536  722 1462 1455  321 1495 1551 1534  817  766  238 1252  200 1167 1466 1236  920  213 1418 1381 1308 1352 1488 1078 1053  769  562  117  886 1110 1198  388 1036  691  588  774 1038  811  538  249   99 1446 1323 1376  683  454  165 1317  864 1210  780  442 1054 1409 1222 1301 1452  291  386  527  446  477
 193  995    9  344  639  678 1394 1500 1200  125  182 1159 1305  206 1476  427  864  371 1116  622 1275  819 1028  274   47  915 1001 1014 1258 1029  961 1526  513   75 1198 1046  815 1471 1049  825   21   49 1387  415  289 1517  449  202  339  540  665  934  433  805 1140 1040  984 1420 1377  581 1323  326 1203  778  166  310 1382  689  715 1106 1068  290  820  162  375   13 1107  225  546  755  730 1421  631 1164 1122  997  774 1187  115  938  620  676  412 1096  168  538 1134 1292 1230   95
 580  331   26  227  771  208  962 1356 1369  240  338 1002 1190  592 1025 1303  605  812  655 1473 1186  808  587   34  778 1160  856  584  117 1137 1337  423  584 1455 1005  446  614  953  587 1229  297 1113  264  234  488 1096  941  867  359  392 1095  711  205  952   81  689  127 1267 1449  170  462  518  954 1216  938  159 1400  291  662  180 1519  733   16  448  590 1483 1163 1564  985  208  795  194  526  834  799  819  129  716  694  163  325 1391  382  963 1422  868  313 1436 1354   43
1103  109  523 1516   85  296  604 1062  234 1438 1259  114   55 1368 1069  406 1529    9   35   81 1275 1451 1439   24  850 1492  197  232 1115 1456   51 1350  133  266  966  657  718 1530  445  989  302  255 1096 1105 1319  529  813 1421 1507  106 1022 1167 1451  254 1242 1277 1556  195  932   85  145  240  484 1473 1416  752 1173  312  866  325  440  625  565  772  306  125 1546 1107    5  595  809  940  538   42 1306 1397 1070 1451  788  685  837 1430  201  193 1156 1154  116  573  961  258
 273  564 1338 1224  428 1074  636 1519  634  511  120 1157 1019 1124 1069  660  290  363  564 1106  662 1019  779 1260  393 1552 1195 1404 1564 1231 1511  643 1383  962  244  308 1341  447 1317  690 1076  112 1300  294 1434  968 1113  710  633  367  532  203 1078 1278 1081  243  152 1167  918  769  338   49 1562 1548 1204 1020 1561 1444 1030  514  304  613 1347  760  240 1000  945  219 1363  717  122 1032  549  922   18  746 1563 1104 1013  687  231  817 1260 1002 1068   62  625 1560  891 1318
1002  245  377  385   83  429  503  433  916 1314  454 1107 1442  882  256  368 1257  313 1114 1234  589  464  770  311  631  284 1359  601  768  556 1172  762 1224  612  991 1505 1283  485  333  830   12  565 1557 1389  141  439  949  374  225  945  117 1350  333  585 1025 1327 1006 1120  770  774  559  129   40  878  794 1263  467  522  391  895  867  442 1286 1446 1408  737  292 1171  846  568  620  108   18 1031   48 1226  683  844   91 1520 1352  155 1487 1390  637  799  491 1404  542   75
 938  409   77  594 1231 1042 1126 1488  618  298 1086 1315 1008  202  348  275  830 1351  220 1220 1387  605 1421 1340 1563 1295  590  639  378 1505  327 1154 1383  681  348  372  490  621  814   79  159 1242  896 1085  708 1158 1240 1262  357 1565  543  902 1279 1269 1400 1477  973  215  464 1357  150 1514  422  435 1327  847 1457  740    5 1134  285  225  749  341 1398  649  479 1069  665  314  703  428 1132 1299  496  577  855 1388  695  348   25  565  279 1366  535 1404 1365  783  951  741
 385 1244 1239 1543  534  713 1102 1478  227 1538 1260    6  285 1463 1118  481  505  117 1465 1417  103  331  145 1082 1252  332   56  831  553  163 1495  366 1319  591  849 1391  447  935  747  117 1470  786  586  115 1564  960  414 1125 1563  269  262   64  671  717  645 1307   44  998 1321  652  409 1523  396  755   75 1433  532  647  895 1363  417  279 1103 1305 1402 1028  959  954  565  593 1167 1482 1512 1289   49  244  118  679  916  308 1217 1439 1021  302  792  919  588  285 1191  732
1068    5  222 1036  293  844 1244 1140 1091 1029  845 1533  250  744  128  148 1019 1001  626  343 1211   52  174  388 1036  561 1479 1352  414   57  170 1173  436  765  270   75 1385 1420  528  109  796  936  137 1378 1554  412  580  841 1111 1506   49  741 1018  592  329 1446   68 1403 1552  706  810   84 1169 1013  888   12 1196 1073  720  734 1389 1548 1527 1265  350 1386 1545  810 1385  996  934  753  264  434 1213 1265 1314  436  843 1503  851  424   11  272 1262  221  817 1050  573  934
1124  892  496  820 1130  789  823  577 1156  318  350  608  122  771  209  601  687  612  810   81  385   25 1450    2  340  907 1155  197  226  460   86  429  994 1101  957  934  545 1450  775  202  532  810 1273  437  173  626 1053 1436  608  290 1147 1525   55  316   41  964 1001 1391  585  392 1283  997  678   59 1100   61  583  972 1173  712 1428  315  357   93 1372 1301  115  851 1430  706  947 1410 1497  228  175  904 1472 1519  402  127  691 1000  437 1417  992 1546  887  926 1425  714
 522  380 1561 1181 1537 1475  608 1261  547  589  355 1184 1549  151  920 1520  214  390 1266  504  366  493  928  671 1199 1288  155 1569  433  605  723   32 1315 1418  218 1402  873  569 1243 1056  897 1056  717  581  569  365  231  464 1073 1561 1212   35 1405  204 1002 1459  333 1065 1048  754 1023  463  847  382  878   79 1105  298  238 1114  162 1411 1388  983  562  690  887 1216  686 1519 1095  664 1335  757  241  989 1030 1094  332 1449  653 1499 1372  796  504  835 1403  475  780 1198
 865  400  808 1113  133 1325 1120  559 1097  924 1009  291 1545  960 1039 1490  351  755  108  880  232   76  668  159 1335  671   59  337  799  481  781 1208 1352 1395  503  689   33  848  102 1012 1005  775  685  203  430  805    6  275 1309  192 1076  552  892 1078   46 1279  358  346  913  177  923  338 1217   53 1245 1440  446  295 1086 1209  784 1056   19 1518  710 1257  324  504  185  507  207 1207  650 1313  505 1199  850 1414  722  170  798   28  864  563 1021 1336  824 1172 1523  414
 598  131  448  774  468  918 1163  423 1485  929  413  774  308  393  789  146 1421 1008 1342  617 1036  529  517 1404  587 1400  259 1274 1025  257 1506  589 1533 1315  219 1433 1479 1044  475  887 1193 1420  665 1502 1312    1 1338 1348  103 1419 1203 1187 1438 1088  395  685  185  197  717   63  126  729 1427 1389 1291 1214  368  829   31    5  706   39  804  603  642   75  325  550  228  543 1382  949 1340  306  518  761 1256  549  293  279  687  946  636  379  342 1249 1455 1133  128  148
1330  524   25  189  285  982  240  113  735 1260  213 1543  748  914 1052 1435   96  763  399  748   32  883  421 1382 1057  362   45 1041 1342   71 1266 1181  999 1479  774  784  338  650   97 1003 1121 1538  962  203 1106 1254 1556 1158  282  920 1515  219 1438 1371  338  246 1378 1275   93   63  640  627  649  209  275  308 1085 1197   63  969  573 1514  236  136  125 1513  922 1281  993  360  608 1089 1389   37 1470  773 1478 1007  584   17   18 1400  199  474  868  903  567  815 1505 1488
 486  560  623  531 1411  233 1189 1559 1051  228  288 1161  134  626  241 1104  855 1371  568  493  379 1505  985  233 1471  350 1518 1262  399 1458 1266 1224  828 1011 1386  227  758  403   97  250  565  762  756 1290  241  307   69  227  676 1250  632  378  228   32  115  416   45  453 1050  991 1546  767  751  613   10  855 1125  364  752  850 1342  501 1400 1509  523  320  726 1334  633  104 1567   60  784  130  472 1443   18 1525    4 1281 1045 1233 1175  451  408 1475  955  760 1229  350
 568  100  489  393  972  332 1157 1400  417   57  325  746  891 1455  654  558 1377  981  678 1266  271 1291  498  851 1376  928 1408   79 1440 1180 1283   76 1211 1543  104   59 1308  686 1317 1333  354 1562  194  384  637 1325  645 1499  466  292  938 1374   62  632   68  276  547  453  384 1051 1226 1242 1294 1346  256  778   79  760 1127 1482  828  702  317  904 1178  125  764  393  934   42  693  370  655 1084 1133  806 1016 1284 1334  795  565  250 1502  483 1328  591  755 1031 1519 1149
   8  965  649  386  578 1287 1357 1126   10  659  538   55  584  534 1529  904  788  823  586  574  736  475  334 1062 1204 1325  760  158  263  181  527   16 1391  213 1271 1147 1441  535 1383  904  146  272 1012  497 1545 1231 1399  401 1317  454  403   43  180 1262 1300 1568   31  450 1137  808 1017 1020  601  290  231  229 1431  177  998  954  250  254 1005  555 1484 1056 1147 1046  300  293  683  336   35 1496  600  436 1319  897   60  758  505  646   99  741  345  168 1416  415  684  113
1298 1294  845  146  848  933 1330   28  630  544  224  361  337 1089 1366 1439 1258  366 1081  973  101 1255  466  106    5  261  770  894  158  589  233  313 1442  391 1291  939  230 1150  439  344 1163  801  873  280  541  507   96  310  754  514 1406   82  910  189  527  936  275 1424 1202    3  276  185  681  130 1251 1078  299  557  647  449   16   74  444 1300 1010 1339  554 1188 1041 1523  987  973 1353  784 1290   41 1511  430 1228  187  261 1209 1206 1140 1017  488 1219 1279 1521  315
1356  942 1275  443  249  947  680  783  383  735 1219  134   54 1086  366 1377 1362  815 1036  903 1426 1175  340  316  197  238  623 1225  658  403  322 1219  701  343  437 1351  872  513  656  130  944  958  270  597  800  220  427 1187   35  873  871 1183  291 1118 1373 1036  309  147 1261  520   43  700  349  964  940  360  761  895 1158  903  611  474 1539  969 1139  415   87 1233  219 1072    8  601 1273  185   76  566  803  749 1412 1302 1077 1043 1555 1452 1025  520  290 1172  593 1154
 850  352  602  549  181  865   46 1094 1187 1204  170  436 1540    4  378  644  629 1098  987   62 1058 1541 1129 1098  553  813 1239  475 1233  947 1156  325  530 1107  319  918  373  353  611   83 1343 1557  797  122  108 1072  184 1560 1346  407  398  922 1488  198  617  915 1528  298 1120 1033  332  527 1327 1084  685  719  307  476 1208   15  837 1552  928 1560  374 1246  278  741 1042   95  980  329  594  103   17  530 1021  532  994 1156  844   67   47  455 1322  305  218 1318  173  522
1465 1520  731   76  393 1568 1205 1251 1002  394  460  836 1249  667  239  852  160  240  998  657 1249  772  912  913 1303  651  266 1165  875 1046   10  262  664 1011 1135  672 1118  693  439  776  673 1060  773   96  739  632 1107  576  667 1073  304  209  855  423 1497  430  653 1025  475  895  813   83  465  480  675 1347  735  976 1078 1489  145  735 1053  218  533  716  114 1497  603  386  285  622 1261  620  522 1052  598  321  809  629 1365 1440 1123  382  597 1541  340  813   75 1435
 545 1161   76  363 1372  786 1105  915  609  984 1358  316 1142  259 1157  895 1541 1209  524  461    3  537 1494 1009 1276 1385  499 1231  194  988 1206  328   34  403 1052 1050  426  622 1019 1149 1090 1410 1070  366 1362  856  204  794  444 1118  995 1299  880 1016 1537  190 1322  514  967 1006  299 1218  490 1230 1212  159  982 1432 1338  713 1156  498 1027  588  486  702    1  491  718  591  228  485 1328  404 1265  766 1145  237 1465  991 1465  338  611  272  804 1181  315  699  499  876