1319 1502   13  621  498 1245 1207  242 1495  798 1247 1453  756  478  996  213 1176 1170  111  643  477 1391 1380  503  173
1402 1073  705  172  130 1545  295 1073  373 1023 1460 1409  551 1132  744 1226  616 1117  615  374 1507 1249 1357  808  775
 719  924  450  747  846 1324  878  557  123  862  989 1333  642 1466 1391  599 1567  185  946 1379 1275  926  620 1400 1343
 629  884  870   17 1203 1012  648 1193 1219  242 1105  656 1223 1022 1532  561  441  712 1219  433 1020 1428  736  661 1392
 531  819  297 1111  833 1299 1440  429  346  763 1032  523  781  727  386 1272  718  760 1262 1368  281  551  911  862  388
 303  315  301 1565 1244  552  982 1536 1442 1558  583  514  646  874 1201  685 1398  212 1502 1227 1410  446 1157 1223 1099
1471  958   29 1191  415  413 1287  464  714  636 1224  623 1016  963  577 1534  232 1440 1337  707  799  640   12  920  665
 916 1516  466 1379  800  879  159  115  419  556  829 1115 1456 1388  771 1257  928  779  512 1212 1405 1309 1276  125  479
1562 1134 1072  193 1026  559  291  903   50 1545 1157   71  333   87 1284  806  444  720 1083  133 1487   81 1194  649 1359
1411  683  900  222 1430 1470  505  987  347 1266    6  246  855 1394   73 1116 1190 1122  751  122 1062 1100 1389  795  381
1511 1510 1124  829  748    1 1107 1532 1239   96  633  730  917  286  247  124 1147 1302 1016  294   21  740  908 1021  275
1190  655  259 1029  331  743 1397  834  943  926 1195 1258  777  691  418  938   31 1494 1264 1117  979  364 1164 1400 1080
 577 1241  888  635   25  765 1011  374 1519  377  711 1211  926  865  457 1559 1295 1266  746 1259  375  352  802 1397 1176
1013 1463  683 1146  756 1083  813  771  967 1098 1150 1390  571  361  140  699   71 1304  225   13  918 1500  245 1378 1257
1447  603  753  178  564 1362  845  123  408  902  714 1514  256 1139 1068  462 1133  324  428  201 1053 1323  212  774  841
 613  606 1195  374  450  424 1318  634 1268  154  323  492  142  248  875 1358  100  307  446  500 1199 1054  642 1179 1510
 985  501  134 1121  275  860 1314 1193 1417  986  878  861  177  826  680 1069  594  799   18 1039  846  917 1525  476  924
1124 1384  696 1236 1536  927  870 1248 1394 1394  803  141  924 1297 1184 1558  775  592  301  196  107  753  227 1268 1065
 877  710 1327  785 1112   27 1027  155  938 1329 1300 1269 1474  302   94 1292 1243  488  898  506 1230  501  136 1081 1340
1338   95  737  342  442  222  267   66  246 1013 1447 1010 1338  671 1223  672  643  530  957  544 1488 1224  745 1362  982
1513  871 1446  427  382 1233  482 1464 1356  109 1219 1116  810  237 1447 1016  144 1024 1535  871  390 1014 1414 1277  818
 956  994  107 1375 1211  487  133  220  346  422   64  902  223  131 1265  525 1350  531 1088  189 1506 1393  227 1077   34
 464  212  792 1491  737 1054  319   17  811 1033  993 1100 1030  611  352  406 1096  315 1200  846  391  315  404   32  231
 417 1535  107  901  991  915  567  113  416  358 1170 1074 1303  198  649  778   60  459  431  820 1322  372  690  397 1181
 381 1246 1004  895  282  790  877  376  932  936 1018  126 1128  545  162 1188  711 1376  920 1156  517  513  506  326  345